1	1	1
2	1	1,2
3	2	1,3
4	2	1,2,4
5	4	1,5
6	2	1,2,3,6
7	6	1,7
8	4	1,2,4,8
9	6	1,3,9
10	4	1,2,5,10
11	10	1,11
12	4	1,2,3,4,6,12
13	12	1,13
14	6	1,2,7,14
15	8	1,3,5,15
16	8	1,2,4,8,16
17	16	1,17
18	6	1,2,3,6,9,18
19	18	1,19
20	8	1,2,4,5,10,20
21	12	1,3,7,21
22	10	1,2,11,22
23	22	1,23
24	8	1,2,3,4,6,8,12,24
25	20	1,5,25
26	12	1,2,13,26
27	18	1,3,9,27
28	12	1,2,4,7,14,28
29	28	1,29
30	8	1,2,3,5,6,10,15,30
31	30	1,31
32	16	1,2,4,8,16,32
33	20	1,3,11,33
34	16	1,2,17,34
35	24	1,5,7,35
36	12	1,2,3,4,6,9,12,18,36
37	36	1,37
38	18	1,2,19,38
39	24	1,3,13,39
40	16	1,2,4,5,8,10,20,40
41	40	1,41
42	12	1,2,3,6,7,14,21,42
43	42	1,43
44	20	1,2,4,11,22,44
45	24	1,3,5,9,15,45
46	22	1,2,23,46
47	46	1,47
48	16	1,2,3,4,6,8,12,16,24,48
49	42	1,7,49
50	20	1,2,5,10,25,50
51	32	1,3,17,51
52	24	1,2,4,13,26,52
53	52	1,53
54	18	1,2,3,6,9,18,27,54
55	40	1,5,11,55
56	24	1,2,4,7,8,14,28,56
57	36	1,3,19,57
58	28	1,2,29,58
59	58	1,59
60	16	1,2,3,4,5,6,10,12,15,20,30,60
61	60	1,61
62	30	1,2,31,62
63	36	1,3,7,9,21,63
64	32	1,2,4,8,16,32,64
65	48	1,5,13,65
66	20	1,2,3,6,11,22,33,66
67	66	1,67
68	32	1,2,4,17,34,68
69	44	1,3,23,69
70	24	1,2,5,7,10,14,35,70
71	70	1,71
72	24	1,2,3,4,6,8,9,12,18,24,36,72
73	72	1,73
74	36	1,2,37,74
75	40	1,3,5,15,25,75
76	36	1,2,4,19,38,76
77	60	1,7,11,77
78	24	1,2,3,6,13,26,39,78
79	78	1,79
80	32	1,2,4,5,8,10,16,20,40,80
81	54	1,3,9,27,81
82	40	1,2,41,82
83	82	1,83
84	24	1,2,3,4,6,7,12,14,21,28,42,84
85	64	1,5,17,85
86	42	1,2,43,86
87	56	1,3,29,87
88	40	1,2,4,8,11,22,44,88
89	88	1,89
90	24	1,2,3,5,6,9,10,15,18,30,45,90
91	72	1,7,13,91
92	44	1,2,4,23,46,92
93	60	1,3,31,93
94	46	1,2,47,94
95	72	1,5,19,95
96	32	1,2,3,4,6,8,12,16,24,32,48,96
97	96	1,97
98	42	1,2,7,14,49,98
99	60	1,3,9,11,33,99
100	40	1,2,4,5,10,20,25,50,100
101	100	1,101
102	32	1,2,3,6,17,34,51,102
103	102	1,103
104	48	1,2,4,8,13,26,52,104
105	48	1,3,5,7,15,21,35,105
106	52	1,2,53,106
107	106	1,107
108	36	1,2,3,4,6,9,12,18,27,36,54,108
109	108	1,109
110	40	1,2,5,10,11,22,55,110
111	72	1,3,37,111
112	48	1,2,4,7,8,14,16,28,56,112
113	112	1,113
114	36	1,2,3,6,19,38,57,114
115	88	1,5,23,115
116	56	1,2,4,29,58,116
117	72	1,3,9,13,39,117
118	58	1,2,59,118
119	96	1,7,17,119
120	32	1,2,3,4,5,6,8,10,12,15,20,24,30,40,60,120
121	110	1,11,121
122	60	1,2,61,122
123	80	1,3,41,123
124	60	1,2,4,31,62,124
125	100	1,5,25,125
126	36	1,2,3,6,7,9,14,18,21,42,63,126
127	126	1,127
128	64	1,2,4,8,16,32,64,128
129	84	1,3,43,129
130	48	1,2,5,10,13,26,65,130
131	130	1,131
132	40	1,2,3,4,6,11,12,22,33,44,66,132
133	108	1,7,19,133
134	66	1,2,67,134
135	72	1,3,5,9,15,27,45,135
136	64	1,2,4,8,17,34,68,136
137	136	1,137
138	44	1,2,3,6,23,46,69,138
139	138	1,139
140	48	1,2,4,5,7,10,14,20,28,35,70,140
141	92	1,3,47,141
142	70	1,2,71,142
143	120	1,11,13,143
144	48	1,2,3,4,6,8,9,12,16,18,24,36,48,72,144
145	112	1,5,29,145
146	72	1,2,73,146
147	84	1,3,7,21,49,147
148	72	1,2,4,37,74,148
149	148	1,149
150	40	1,2,3,5,6,10,15,25,30,50,75,150
151	150	1,151
152	72	1,2,4,8,19,38,76,152
153	96	1,3,9,17,51,153
154	60	1,2,7,11,14,22,77,154
155	120	1,5,31,155
156	48	1,2,3,4,6,12,13,26,39,52,78,156
157	156	1,157
158	78	1,2,79,158
159	104	1,3,53,159
160	64	1,2,4,5,8,10,16,20,32,40,80,160
161	132	1,7,23,161
162	54	1,2,3,6,9,18,27,54,81,162
163	162	1,163
164	80	1,2,4,41,82,164
165	80	1,3,5,11,15,33,55,165
166	82	1,2,83,166
167	166	1,167
168	48	1,2,3,4,6,7,8,12,14,21,24,28,42,56,84,168
169	156	1,13,169
170	64	1,2,5,10,17,34,85,170
171	108	1,3,9,19,57,171
172	84	1,2,4,43,86,172
173	172	1,173
174	56	1,2,3,6,29,58,87,174
175	120	1,5,7,25,35,175
176	80	1,2,4,8,11,16,22,44,88,176
177	116	1,3,59,177
178	88	1,2,89,178
179	178	1,179
180	48	1,2,3,4,5,6,9,10,12,15,18,20,30,36,45,60,90,180
181	180	1,181
182	72	1,2,7,13,14,26,91,182
183	120	1,3,61,183
184	88	1,2,4,8,23,46,92,184
185	144	1,5,37,185
186	60	1,2,3,6,31,62,93,186
187	160	1,11,17,187
188	92	1,2,4,47,94,188
189	108	1,3,7,9,21,27,63,189
190	72	1,2,5,10,19,38,95,190
191	190	1,191
192	64	1,2,3,4,6,8,12,16,24,32,48,64,96,192
193	192	1,193
194	96	1,2,97,194
195	96	1,3,5,13,15,39,65,195
196	84	1,2,4,7,14,28,49,98,196
197	196	1,197
198	60	1,2,3,6,9,11,18,22,33,66,99,198
199	198	1,199
200	80	1,2,4,5,8,10,20,25,40,50,100,200
201	132	1,3,67,201
202	100	1,2,101,202
203	168	1,7,29,203
204	64	1,2,3,4,6,12,17,34,51,68,102,204
205	160	1,5,41,205
206	102	1,2,103,206
207	132	1,3,9,23,69,207
208	96	1,2,4,8,13,16,26,52,104,208
209	180	1,11,19,209
210	48	1,2,3,5,6,7,10,14,15,21,30,35,42,70,105,210
211	210	1,211
212	104	1,2,4,53,106,212
213	140	1,3,71,213
214	106	1,2,107,214
215	168	1,5,43,215
216	72	1,2,3,4,6,8,9,12,18,24,27,36,54,72,108,216
217	180	1,7,31,217
218	108	1,2,109,218
219	144	1,3,73,219
220	80	1,2,4,5,10,11,20,22,44,55,110,220
221	192	1,13,17,221
222	72	1,2,3,6,37,74,111,222
223	222	1,223
224	96	1,2,4,7,8,14,16,28,32,56,112,224
225	120	1,3,5,9,15,25,45,75,225
226	112	1,2,113,226
227	226	1,227
228	72	1,2,3,4,6,12,19,38,57,76,114,228
229	228	1,229
230	88	1,2,5,10,23,46,115,230
231	120	1,3,7,11,21,33,77,231
232	112	1,2,4,8,29,58,116,232
233	232	1,233
234	72	1,2,3,6,9,13,18,26,39,78,117,234
235	184	1,5,47,235
236	116	1,2,4,59,118,236
237	156	1,3,79,237
238	96	1,2,7,14,17,34,119,238
239	238	1,239
240	64	1,2,3,4,5,6,8,10,12,15,16,20,24,30,40,48,60,80,120,240
241	240	1,241
242	110	1,2,11,22,121,242
243	162	1,3,9,27,81,243
244	120	1,2,4,61,122,244
245	168	1,5,7,35,49,245
246	80	1,2,3,6,41,82,123,246
247	216	1,13,19,247
248	120	1,2,4,8,31,62,124,248
249	164	1,3,83,249
250	100	1,2,5,10,25,50,125,250
251	250	1,251
252	72	1,2,3,4,6,7,9,12,14,18,21,28,36,42,63,84,126,252
253	220	1,11,23,253
254	126	1,2,127,254
255	128	1,3,5,15,17,51,85,255
256	128	1,2,4,8,16,32,64,128,256
257	256	1,257
258	84	1,2,3,6,43,86,129,258
259	216	1,7,37,259
260	96	1,2,4,5,10,13,20,26,52,65,130,260
261	168	1,3,9,29,87,261
262	130	1,2,131,262
263	262	1,263
264	80	1,2,3,4,6,8,11,12,22,24,33,44,66,88,132,264
265	208	1,5,53,265
266	108	1,2,7,14,19,38,133,266
267	176	1,3,89,267
268	132	1,2,4,67,134,268
269	268	1,269
270	72	1,2,3,5,6,9,10,15,18,27,30,45,54,90,135,270
271	270	1,271
272	128	1,2,4,8,16,17,34,68,136,272
273	144	1,3,7,13,21,39,91,273
274	136	1,2,137,274
275	200	1,5,11,25,55,275
276	88	1,2,3,4,6,12,23,46,69,92,138,276
277	276	1,277
278	138	1,2,139,278
279	180	1,3,9,31,93,279
280	96	1,2,4,5,7,8,10,14,20,28,35,40,56,70,140,280
281	280	1,281
282	92	1,2,3,6,47,94,141,282
283	282	1,283
284	140	1,2,4,71,142,284
285	144	1,3,5,15,19,57,95,285
286	120	1,2,11,13,22,26,143,286
287	240	1,7,41,287
288	96	1,2,3,4,6,8,9,12,16,18,24,32,36,48,72,96,144,288
289	272	1,17,289
290	112	1,2,5,10,29,58,145,290
291	192	1,3,97,291
292	144	1,2,4,73,146,292
293	292	1,293
294	84	1,2,3,6,7,14,21,42,49,98,147,294
295	232	1,5,59,295
296	144	1,2,4,8,37,74,148,296
297	180	1,3,9,11,27,33,99,297
298	148	1,2,149,298
299	264	1,13,23,299
300	80	1,2,3,4,5,6,10,12,15,20,25,30,50,60,75,100,150,300
301	252	1,7,43,301
302	150	1,2,151,302
303	200	1,3,101,303
304	144	1,2,4,8,16,19,38,76,152,304
305	240	1,5,61,305
306	96	1,2,3,6,9,17,18,34,51,102,153,306
307	306	1,307
308	120	1,2,4,7,11,14,22,28,44,77,154,308
309	204	1,3,103,309
310	120	1,2,5,10,31,62,155,310
311	310	1,311
312	96	1,2,3,4,6,8,12,13,24,26,39,52,78,104,156,312
313	312	1,313
314	156	1,2,157,314
315	144	1,3,5,7,9,15,21,35,45,63,105,315
316	156	1,2,4,79,158,316
317	316	1,317
318	104	1,2,3,6,53,106,159,318
319	280	1,11,29,319
320	128	1,2,4,5,8,10,16,20,32,40,64,80,160,320
321	212	1,3,107,321
322	132	1,2,7,14,23,46,161,322
323	288	1,17,19,323
324	108	1,2,3,4,6,9,12,18,27,36,54,81,108,162,324
325	240	1,5,13,25,65,325
326	162	1,2,163,326
327	216	1,3,109,327
328	160	1,2,4,8,41,82,164,328
329	276	1,7,47,329
330	80	1,2,3,5,6,10,11,15,22,30,33,55,66,110,165,330
331	330	1,331
332	164	1,2,4,83,166,332
333	216	1,3,9,37,111,333
334	166	1,2,167,334
335	264	1,5,67,335
336	96	1,2,3,4,6,7,8,12,14,16,21,24,28,42,48,56,84,112,168,336
337	336	1,337
338	156	1,2,13,26,169,338
339	224	1,3,113,339
340	128	1,2,4,5,10,17,20,34,68,85,170,340
341	300	1,11,31,341
342	108	1,2,3,6,9,18,19,38,57,114,171,342
343	294	1,7,49,343
344	168	1,2,4,8,43,86,172,344
345	176	1,3,5,15,23,69,115,345
346	172	1,2,173,346
347	346	1,347
348	112	1,2,3,4,6,12,29,58,87,116,174,348
349	348	1,349
350	120	1,2,5,7,10,14,25,35,50,70,175,350
351	216	1,3,9,13,27,39,117,351
352	160	1,2,4,8,11,16,22,32,44,88,176,352
353	352	1,353
354	116	1,2,3,6,59,118,177,354
355	280	1,5,71,355
356	176	1,2,4,89,178,356
357	192	1,3,7,17,21,51,119,357
358	178	1,2,179,358
359	358	1,359
360	96	1,2,3,4,5,6,8,9,10,12,15,18,20,24,30,36,40,45,60,72,90,120,180,360
361	342	1,19,361
362	180	1,2,181,362
363	220	1,3,11,33,121,363
364	144	1,2,4,7,13,14,26,28,52,91,182,364
365	288	1,5,73,365
366	120	1,2,3,6,61,122,183,366
367	366	1,367
368	176	1,2,4,8,16,23,46,92,184,368
369	240	1,3,9,41,123,369
370	144	1,2,5,10,37,74,185,370
371	312	1,7,53,371
372	120	1,2,3,4,6,12,31,62,93,124,186,372
373	372	1,373
374	160	1,2,11,17,22,34,187,374
375	200	1,3,5,15,25,75,125,375
376	184	1,2,4,8,47,94,188,376
377	336	1,13,29,377
378	108	1,2,3,6,7,9,14,18,21,27,42,54,63,126,189,378
379	378	1,379
380	144	1,2,4,5,10,19,20,38,76,95,190,380
381	252	1,3,127,381
382	190	1,2,191,382
383	382	1,383
384	128	1,2,3,4,6,8,12,16,24,32,48,64,96,128,192,384
385	240	1,5,7,11,35,55,77,385
386	192	1,2,193,386
387	252	1,3,9,43,129,387
388	192	1,2,4,97,194,388
389	388	1,389
390	96	1,2,3,5,6,10,13,15,26,30,39,65,78,130,195,390
391	352	1,17,23,391
392	168	1,2,4,7,8,14,28,49,56,98,196,392
393	260	1,3,131,393
394	196	1,2,197,394
395	312	1,5,79,395
396	120	1,2,3,4,6,9,11,12,18,22,33,36,44,66,99,132,198,396
397	396	1,397
398	198	1,2,199,398
399	216	1,3,7,19,21,57,133,399
400	160	1,2,4,5,8,10,16,20,25,40,50,80,100,200,400
401	400	1,401
402	132	1,2,3,6,67,134,201,402
403	360	1,13,31,403
404	200	1,2,4,101,202,404
405	216	1,3,5,9,15,27,45,81,135,405
406	168	1,2,7,14,29,58,203,406
407	360	1,11,37,407
408	128	1,2,3,4,6,8,12,17,24,34,51,68,102,136,204,408
409	408	1,409
410	160	1,2,5,10,41,82,205,410
411	272	1,3,137,411
412	204	1,2,4,103,206,412
413	348	1,7,59,413
414	132	1,2,3,6,9,18,23,46,69,138,207,414
415	328	1,5,83,415
416	192	1,2,4,8,13,16,26,32,52,104,208,416
417	276	1,3,139,417
418	180	1,2,11,19,22,38,209,418
419	418	1,419
420	96	1,2,3,4,5,6,7,10,12,14,15,20,21,28,30,35,42,60,70,84,105,140,210,420
421	420	1,421
422	210	1,2,211,422
423	276	1,3,9,47,141,423
424	208	1,2,4,8,53,106,212,424
425	320	1,5,17,25,85,425
426	140	1,2,3,6,71,142,213,426
427	360	1,7,61,427
428	212	1,2,4,107,214,428
429	240	1,3,11,13,33,39,143,429
430	168	1,2,5,10,43,86,215,430
431	430	1,431
432	144	1,2,3,4,6,8,9,12,16,18,24,27,36,48,54,72,108,144,216,432
433	432	1,433
434	180	1,2,7,14,31,62,217,434
435	224	1,3,5,15,29,87,145,435
436	216	1,2,4,109,218,436
437	396	1,19,23,437
438	144	1,2,3,6,73,146,219,438
439	438	1,439
440	160	1,2,4,5,8,10,11,20,22,40,44,55,88,110,220,440
441	252	1,3,7,9,21,49,63,147,441
442	192	1,2,13,17,26,34,221,442
443	442	1,443
444	144	1,2,3,4,6,12,37,74,111,148,222,444
445	352	1,5,89,445
446	222	1,2,223,446
447	296	1,3,149,447
448	192	1,2,4,7,8,14,16,28,32,56,64,112,224,448
449	448	1,449
450	120	1,2,3,5,6,9,10,15,18,25,30,45,50,75,90,150,225,450
451	400	1,11,41,451
452	224	1,2,4,113,226,452
453	300	1,3,151,453
454	226	1,2,227,454
455	288	1,5,7,13,35,65,91,455
456	144	1,2,3,4,6,8,12,19,24,38,57,76,114,152,228,456
457	456	1,457
458	228	1,2,229,458
459	288	1,3,9,17,27,51,153,459
460	176	1,2,4,5,10,20,23,46,92,115,230,460
461	460	1,461
462	120	1,2,3,6,7,11,14,21,22,33,42,66,77,154,231,462
463	462	1,463
464	224	1,2,4,8,16,29,58,116,232,464
465	240	1,3,5,15,31,93,155,465
466	232	1,2,233,466
467	466	1,467
468	144	1,2,3,4,6,9,12,13,18,26,36,39,52,78,117,156,234,468
469	396	1,7,67,469
470	184	1,2,5,10,47,94,235,470
471	312	1,3,157,471
472	232	1,2,4,8,59,118,236,472
473	420	1,11,43,473
474	156	1,2,3,6,79,158,237,474
475	360	1,5,19,25,95,475
476	192	1,2,4,7,14,17,28,34,68,119,238,476
477	312	1,3,9,53,159,477
478	238	1,2,239,478
479	478	1,479
480	128	1,2,3,4,5,6,8,10,12,15,16,20,24,30,32,40,48,60,80,96,120,160,240,480
481	432	1,13,37,481
482	240	1,2,241,482
483	264	1,3,7,21,23,69,161,483
484	220	1,2,4,11,22,44,121,242,484
485	384	1,5,97,485
486	162	1,2,3,6,9,18,27,54,81,162,243,486
487	486	1,487
488	240	1,2,4,8,61,122,244,488
489	324	1,3,163,489
490	168	1,2,5,7,10,14,35,49,70,98,245,490
491	490	1,491
492	160	1,2,3,4,6,12,41,82,123,164,246,492
493	448	1,17,29,493
494	216	1,2,13,19,26,38,247,494
495	240	1,3,5,9,11,15,33,45,55,99,165,495
496	240	1,2,4,8,16,31,62,124,248,496
497	420	1,7,71,497
498	164	1,2,3,6,83,166,249,498
499	498	1,499
500	200	1,2,4,5,10,20,25,50,100,125,250,500
